Digitizer
ch.0:  TRUE 	 ch.1:  FALSE 	 DC offset 0: 0 	 DC offset 1: 0 	 act ch:  0 	trig mode:  FALSE 	 rise time:  8 	 trig mean:  8 	 trig thr 0:  30 	 trig thr 1:  10 	gate mode:  FALSE 	 gate width:  504 	 pre gate:  152 	 holdoff:  504 	bsln mean:  16 	 bsln thr:  8 	 noflattime:  512 	GPO:  2 	 coinc:  FALSE 	 coinc time:  0 
PSAU
ch.0:  TRUE 	 ch.1:  FALSE 	 Vset 0:  70,879997 	 Vset 1:  71,000000 	 Gain0:  32 	 Gain1:  32 	 comp0:  FALSE 	 comp1:  FALSE 	 thr0:  -14,000000 	 thr1:  -15,000000 	 width0:  110 	 width1:  110 	 DOUT0:  TRUE 	 DOUT1:  FALSE 	 outputlevel:  TTL 	 coinc:  FALSE 	 coinc time:  20 

Vmon 0:  70,769997 	 Vmon 1:  0,000000 	 Temp 0:  23,600000 	 Temp 1:  20,900000 	 Temp board:  25,600000 
day&time: 01gen02061144

-996,500	0,000
-988,500	0,000
-980,500	0,000
-972,499	0,000
-964,499	0,000
-956,499	0,000
-948,499	0,000
-940,499	0,000
-932,499	0,000
-924,498	0,000
-916,498	0,000
-908,498	0,000
-900,498	0,000
-892,498	0,000
-884,498	0,000
-876,497	0,000
-868,497	0,000
-860,497	0,000
-852,497	0,000
-844,497	0,000
-836,497	0,000
-828,496	0,000
-820,496	0,000
-812,496	0,000
-804,496	0,000
-796,496	0,000
-788,496	0,000
-780,495	0,000
-772,495	0,000
-764,495	0,000
-756,495	0,000
-748,495	0,000
-740,495	0,000
-732,494	0,000
-724,494	0,000
-716,494	0,000
-708,494	0,000
-700,494	0,000
-692,494	0,000
-684,493	0,000
-676,493	0,000
-668,493	0,000
-660,493	0,000
-652,493	0,000
-644,493	0,000
-636,492	0,000
-628,492	0,000
-620,492	0,000
-612,492	0,000
-604,492	0,000
-596,492	0,000
-588,491	0,000
-580,491	0,000
-572,491	0,000
-564,491	0,000
-556,491	0,000
-548,491	0,000
-540,490	0,000
-532,490	0,000
-524,490	0,000
-516,490	0,000
-508,490	0,000
-500,490	0,000
-492,489	0,000
-484,489	0,000
-476,489	0,000
-468,489	0,000
-460,489	0,000
-452,489	0,000
-444,488	0,000
-436,488	0,000
-428,488	0,000
-420,488	0,000
-412,488	0,000
-404,488	0,000
-396,487	0,000
-388,487	0,000
-380,487	0,000
-372,487	0,000
-364,487	0,000
-356,487	0,000
-348,486	0,000
-340,486	0,000
-332,486	0,000
-324,486	1,000
-316,486	0,000
-308,486	0,000
-300,485	0,000
-292,485	1,000
-284,485	0,000
-276,485	0,000
-268,485	0,000
-260,485	1,000
-252,484	1,000
-244,484	0,000
-236,484	1,000
-228,484	2,000
-220,484	0,000
-212,484	2,000
-204,483	3,000
-196,483	1,000
-188,483	0,000
-180,483	0,000
-172,483	1,000
-164,483	2,000
-156,482	1,000
-148,482	4,000
-140,482	1,000
-132,482	4,000
-124,482	10,000
-116,482	2,000
-108,481	6,000
-100,481	10,000
-92,481	9,000
-84,481	13,000
-76,481	25,000
-68,481	29,000
-60,480	35,000
-52,480	68,000
-44,480	61,000
-36,480	116,000
-28,480	178,000
-20,480	276,000
-12,479	441,000
-4,479	629,000
3,521	870,000
11,521	1071,000
19,521	1319,000
27,521	1425,000
35,522	1672,000
43,522	1563,000
51,522	1513,000
59,522	1357,000
67,522	1178,000
75,522	902,000
83,523	680,000
91,523	552,000
99,523	376,000
107,523	228,000
115,523	165,000
123,523	97,000
131,524	81,000
139,524	56,000
147,524	32,000
155,524	47,000
163,524	45,000
171,524	38,000
179,525	35,000
187,525	30,000
195,525	34,000
203,525	35,000
211,525	35,000
219,525	32,000
227,526	30,000
235,526	23,000
243,526	24,000
251,526	25,000
259,526	26,000
267,526	31,000
275,527	33,000
283,527	24,000
291,527	28,000
299,527	22,000
307,527	38,000
315,527	33,000
323,528	38,000
331,528	31,000
339,528	25,000
347,528	36,000
355,528	38,000
363,528	50,000
371,529	58,000
379,529	62,000
387,529	54,000
395,529	72,000
403,529	92,000
411,529	114,000
419,530	162,000
427,530	197,000
435,530	273,000
443,530	383,000
451,530	506,000
459,530	703,000
467,531	952,000
475,531	1263,000
483,531	1678,000
491,531	2155,000
499,531	2491,000
507,531	2979,000
515,532	3286,000
523,532	3502,000
531,532	3777,000
539,532	3709,000
547,532	3480,000
555,532	3122,000
563,533	2730,000
571,533	2308,000
579,533	1897,000
587,533	1435,000
595,533	1117,000
603,533	835,000
611,534	611,000
619,534	476,000
627,534	308,000
635,534	310,000
643,534	233,000
651,534	229,000
659,535	224,000
667,535	205,000
675,535	212,000
683,535	252,000
691,535	224,000
699,535	218,000
707,536	238,000
715,536	239,000
723,536	222,000
731,536	245,000
739,536	232,000
747,536	256,000
755,537	221,000
763,537	263,000
771,537	237,000
779,537	263,000
787,537	260,000
795,537	246,000
803,538	232,000
811,538	252,000
819,538	248,000
827,538	262,000
835,538	296,000
843,538	279,000
851,539	290,000
859,539	326,000
867,539	326,000
875,539	359,000
883,539	375,000
891,539	435,000
899,540	470,000
907,540	507,000
915,540	654,000
923,540	782,000
931,540	950,000
939,540	1197,000
947,541	1562,000
955,541	1947,000
963,541	2373,000
971,541	2891,000
979,541	3458,000
987,541	3885,000
995,542	4317,000
1003,542	4790,000
1011,542	4980,000
1019,542	5309,000
1027,542	5214,000
1035,542	5111,000
1043,543	4665,000
1051,543	4220,000
1059,543	3745,000
1067,543	3166,000
1075,543	2671,000
1083,543	2129,000
1091,544	1683,000
1099,544	1332,000
1107,544	1137,000
1115,544	878,000
1123,544	756,000
1131,544	645,000
1139,545	599,000
1147,545	609,000
1155,545	558,000
1163,545	547,000
1171,545	547,000
1179,545	563,000
1187,546	576,000
1195,546	662,000
1203,546	643,000
1211,546	596,000
1219,546	642,000
1227,546	650,000
1235,547	668,000
1243,547	649,000
1251,547	652,000
1259,547	694,000
1267,547	665,000
1275,547	715,000
1283,548	758,000
1291,548	739,000
1299,548	703,000
1307,548	783,000
1315,548	769,000
1323,548	759,000
1331,549	791,000
1339,549	886,000
1347,549	928,000
1355,549	874,000
1363,549	975,000
1371,549	987,000
1379,550	1055,000
1387,550	1141,000
1395,550	1272,000
1403,550	1512,000
1411,550	1587,000
1419,550	1817,000
1427,551	2062,000
1435,551	2595,000
1443,551	2957,000
1451,551	3529,000
1459,551	3823,000
1467,551	4430,000
1475,552	4908,000
1483,552	5363,000
1491,552	5643,000
1499,552	5819,000
1507,552	5987,000
1515,552	5908,000
1523,553	5611,000
1531,553	5452,000
1539,553	5100,000
1547,553	4561,000
1555,553	3843,000
1563,553	3315,000
1571,554	2892,000
1579,554	2458,000
1587,554	2090,000
1595,554	1752,000
1603,554	1513,000
1611,554	1361,000
1619,555	1266,000
1627,555	1117,000
1635,555	1086,000
1643,555	1124,000
1651,555	1053,000
1659,555	1107,000
1667,556	1148,000
1675,556	1073,000
1683,556	1150,000
1691,556	1184,000
1699,556	1110,000
1707,556	1192,000
1715,557	1195,000
1723,557	1254,000
1731,557	1218,000
1739,557	1283,000
1747,557	1229,000
1755,557	1252,000
1763,558	1316,000
1771,558	1359,000
1779,558	1333,000
1787,558	1384,000
1795,558	1397,000
1803,558	1420,000
1811,559	1512,000
1819,559	1481,000
1827,559	1574,000
1835,559	1633,000
1843,559	1537,000
1851,559	1673,000
1859,560	1763,000
1867,560	1901,000
1875,560	2015,000
1883,560	2110,000
1891,560	2403,000
1899,560	2576,000
1907,561	2920,000
1915,561	3099,000
1923,561	3380,000
1931,561	3853,000
1939,561	4037,000
1947,561	4509,000
1955,562	4985,000
1963,562	5252,000
1971,562	5571,000
1979,562	5764,000
1987,562	5790,000
1995,562	5942,000
2003,563	5860,000
2011,563	5621,000
2019,563	5235,000
2027,563	5020,000
2035,563	4704,000
2043,563	4351,000
2051,564	3691,000
2059,564	3423,000
2067,564	2831,000
2075,564	2621,000
2083,564	2257,000
2091,564	2090,000
2099,565	1900,000
2107,565	1695,000
2115,565	1645,000
2123,565	1682,000
2131,565	1611,000
2139,565	1682,000
2147,566	1592,000
2155,566	1670,000
2163,566	1664,000
2171,566	1729,000
2179,566	1683,000
2187,566	1796,000
2195,567	1694,000
2203,567	1877,000
2211,567	1704,000
2219,567	1827,000
2227,567	1971,000
2235,567	1958,000
2243,568	1936,000
2251,568	1939,000
2259,568	1922,000
2267,568	1979,000
2275,568	1993,000
2283,568	2064,000
2291,569	2085,000
2299,569	2168,000
2307,569	2114,000
2315,569	2205,000
2323,569	2307,000
2331,569	2266,000
2339,570	2438,000
2347,570	2489,000
2355,570	2577,000
2363,570	2722,000
2371,570	2898,000
2379,570	3103,000
2387,571	3164,000
2395,571	3438,000
2403,571	3607,000
2411,571	3969,000
2419,571	4128,000
2427,571	4412,000
2435,572	4770,000
2443,572	5168,000
2451,572	4987,000
2459,572	5244,000
2467,572	5470,000
2475,572	5389,000
2483,573	5455,000
2491,573	5362,000
2499,573	5245,000
2507,573	4868,000
2515,573	4666,000
2523,573	4393,000
2531,574	3933,000
2539,574	3769,000
2547,574	3406,000
2555,574	3229,000
2563,574	2845,000
2571,574	2621,000
2579,575	2520,000
2587,575	2415,000
2595,575	2271,000
2603,575	2300,000
2611,575	2179,000
2619,575	2061,000
2627,576	2155,000
2635,576	2092,000
2643,576	2156,000
2651,576	2166,000
2659,576	2184,000
2667,576	2201,000
2675,577	2243,000
2683,577	2272,000
2691,577	2278,000
2699,577	2433,000
2707,577	2305,000
2715,577	2449,000
2723,578	2289,000
2731,578	2399,000
2739,578	2441,000
2747,578	2520,000
2755,578	2545,000
2763,578	2627,000
2771,579	2564,000
2779,579	2523,000
2787,579	2618,000
2795,579	2623,000
2803,579	2754,000
2811,579	2756,000
2819,580	2781,000
2827,580	2977,000
2835,580	2905,000
2843,580	3047,000
2851,580	3115,000
2859,580	3402,000
2867,581	3487,000
2875,581	3769,000
2883,581	3740,000
2891,581	3878,000
2899,581	4043,000
2907,581	4169,000
2915,582	4387,000
2923,582	4406,000
2931,582	4755,000
2939,582	4800,000
2947,582	4843,000
2955,582	4729,000
2963,583	4924,000
2971,583	4772,000
2979,583	4770,000
2987,583	4531,000
2995,583	4275,000
3003,583	4124,000
3011,584	3788,000
3019,584	3759,000
3027,584	3530,000
3035,584	3337,000
3043,584	3114,000
3051,584	3048,000
3059,585	2774,000
3067,585	2779,000
3075,585	2650,000
3083,585	2615,000
3091,585	2508,000
3099,585	2392,000
3107,586	2449,000
3115,586	2407,000
3123,586	2581,000
3131,586	2420,000
3139,586	2556,000
3147,586	2572,000
3155,587	2561,000
3163,587	2577,000
3171,587	2640,000
3179,587	2561,000
3187,587	2617,000
3195,587	2678,000
3203,588	2703,000
3211,588	2666,000
3219,588	2673,000
3227,588	2785,000
3235,588	2754,000
3243,588	2859,000
3251,589	2878,000
3259,589	2781,000
3267,589	2908,000
3275,589	2962,000
3283,589	3005,000
3291,589	3059,000
3299,590	3060,000
3307,590	3059,000
3315,590	3100,000
3323,590	3273,000
3331,590	3342,000
3339,590	3409,000
3347,591	3469,000
3355,591	3530,000
3363,591	3560,000
3371,591	3831,000
3379,591	3655,000
3387,591	3882,000
3395,592	3977,000
3403,592	4112,000
3411,592	4104,000
3419,592	4259,000
3427,592	4287,000
3435,592	4256,000
3443,593	4121,000
3451,593	4199,000
3459,593	4024,000
3467,593	3994,000
3475,593	3883,000
3483,593	3830,000
3491,594	3510,000
3499,594	3556,000
3507,594	3350,000
3515,594	3171,000
3523,594	3229,000
3531,594	2947,000
3539,595	2864,000
3547,595	2869,000
3555,595	2763,000
3563,595	2709,000
3571,595	2620,000
3579,595	2613,000
3587,596	2661,000
3595,596	2771,000
3603,596	2575,000
3611,596	2666,000
3619,596	2743,000
3627,596	2687,000
3635,597	2676,000
3643,597	2694,000
3651,597	2808,000
3659,597	2762,000
3667,597	2731,000
3675,597	2742,000
3683,598	2765,000
3691,598	2775,000
3699,598	2955,000
3707,598	2816,000
3715,598	2877,000
3723,598	2915,000
3731,599	2982,000
3739,599	2894,000
3747,599	2814,000
3755,599	3067,000
3763,599	3014,000
3771,599	3042,000
3779,600	2999,000
3787,600	3117,000
3795,600	3041,000
3803,600	3120,000
3811,600	3128,000
3819,600	3247,000
3827,601	3301,000
3835,601	3263,000
3843,601	3299,000
3851,601	3412,000
3859,601	3427,000
3867,601	3579,000
3875,602	3549,000
3883,602	3515,000
3891,602	3622,000
3899,602	3585,000
3907,602	3675,000
3915,602	3651,000
3923,603	3622,000
3931,603	3533,000
3939,603	3546,000
3947,603	3514,000
3955,603	3340,000
3963,603	3325,000
3971,604	3208,000
3979,604	3056,000
3987,604	3103,000
3995,604	3061,000
4003,604	2899,000
4011,604	2877,000
4019,605	2781,000
4027,605	2803,000
4035,605	2702,000
4043,605	2724,000
4051,605	2597,000
4059,605	2638,000
4067,606	2640,000
4075,606	2588,000
4083,606	2509,000
4091,606	2541,000
4099,606	2581,000
4107,606	2652,000
4115,607	2586,000
4123,607	2538,000
4131,607	2603,000
4139,607	2594,000
4147,607	2574,000
4155,607	2661,000
4163,608	2652,000
4171,608	2728,000
4179,608	2716,000
4187,608	2729,000
4195,608	2688,000
4203,608	2724,000
4211,609	2711,000
4219,609	2723,000
4227,609	2806,000
4235,609	2771,000
4243,609	2793,000
4251,609	2863,000
4259,610	2820,000
4267,610	2814,000
4275,610	2894,000
4283,610	2890,000
4291,610	2917,000
4299,610	3038,000
4307,611	2955,000
4315,611	3044,000
4323,611	3036,000
4331,611	3046,000
4339,611	3115,000
4347,611	3097,000
4355,612	3041,000
4363,612	3055,000
4371,612	3067,000
4379,612	3144,000
4387,612	3103,000
4395,612	3127,000
4403,613	3043,000
4411,613	3036,000
4419,613	3023,000
4427,613	2988,000
4435,613	2915,000
4443,613	2916,000
4451,614	2852,000
4459,614	2706,000
4467,614	2810,000
4475,614	2794,000
4483,614	2650,000
4491,614	2602,000
4499,615	2602,000
4507,615	2557,000
4515,615	2485,000
4523,615	2556,000
4531,615	2502,000
4539,615	2485,000
4547,616	2511,000
4555,616	2430,000
4563,616	2492,000
4571,616	2453,000
4579,616	2327,000
4587,616	2418,000
4595,617	2365,000
4603,617	2482,000
4611,617	2463,000
4619,617	2569,000
4627,617	2522,000
4635,617	2548,000
4643,618	2341,000
4651,618	2489,000
4659,618	2510,000
4667,618	2446,000
4675,618	2556,000
4683,618	2437,000
4691,619	2497,000
4699,619	2426,000
4707,619	2519,000
4715,619	2426,000
4723,619	2530,000
4731,619	2517,000
4739,620	2617,000
4747,620	2479,000
4755,620	2568,000
4763,620	2542,000
4771,620	2535,000
4779,620	2604,000
4787,621	2617,000
4795,621	2640,000
4803,621	2539,000
4811,621	2710,000
4819,621	2612,000
4827,621	2669,000
4835,622	2615,000
4843,622	2638,000
4851,622	2651,000
4859,622	2512,000
4867,622	2690,000
4875,622	2666,000
4883,623	2540,000
4891,623	2587,000
4899,623	2658,000
4907,623	2531,000
4915,623	2494,000
4923,623	2502,000
4931,624	2493,000
4939,624	2489,000
4947,624	2432,000
4955,624	2342,000
4963,624	2375,000
4971,624	2333,000
4979,625	2324,000
4987,625	2198,000
4995,625	2189,000
5003,625	2153,000
5011,625	2261,000
5019,625	2164,000
5027,626	2103,000
5035,626	2225,000
5043,626	2168,000
5051,626	2171,000
5059,626	2157,000
5067,626	2197,000
5075,627	2167,000
5083,627	2141,000
5091,627	2256,000
5099,627	2190,000
5107,627	2153,000
5115,627	2220,000
5123,628	2275,000
5131,628	2214,000
5139,628	2149,000
5147,628	2105,000
5155,628	2230,000
5163,628	2244,000
5171,629	2223,000
5179,629	2213,000
5187,629	2157,000
5195,629	2122,000
5203,629	2234,000
5211,629	2126,000
5219,630	2147,000
5227,630	2212,000
5235,630	2254,000
5243,630	2105,000
5251,630	2269,000
5259,630	2206,000
5267,631	2255,000
5275,631	2183,000
5283,631	2195,000
5291,631	2238,000
5299,631	2311,000
5307,631	2250,000
5315,632	2155,000
5323,632	2217,000
5331,632	2181,000
5339,632	2062,000
5347,632	2104,000
5355,632	2128,000
5363,633	2083,000
5371,633	2091,000
5379,633	2223,000
5387,633	2099,000
5395,633	2080,000
5403,633	2060,000
5411,634	2088,000
5419,634	2028,000
5427,634	2031,000
5435,634	1981,000
5443,634	1932,000
5451,634	2091,000
5459,635	1938,000
5467,635	1895,000
5475,635	1834,000
5483,635	1936,000
5491,635	1885,000
5499,635	1862,000
5507,636	1947,000
5515,636	1949,000
5523,636	1839,000
5531,636	1909,000
5539,636	1897,000
5547,636	1831,000
5555,637	1845,000
5563,637	1909,000
5571,637	1815,000
5579,637	1884,000
5587,637	1891,000
5595,637	1816,000
5603,638	1907,000
5611,638	1833,000
5619,638	1880,000
5627,638	1865,000
5635,638	1784,000
5643,638	1854,000
5651,639	1896,000
5659,639	1873,000
5667,639	1907,000
5675,639	1840,000
5683,639	1910,000
5691,639	1863,000
5699,640	1855,000
5707,640	1827,000
5715,640	1889,000
5723,640	1803,000
5731,640	1798,000
5739,640	1822,000
5747,641	1878,000
5755,641	1758,000
5763,641	1859,000
5771,641	1815,000
5779,641	1833,000
5787,641	1825,000
5795,642	1734,000
5803,642	1843,000
5811,642	1728,000
5819,642	1740,000
5827,642	1799,000
5835,642	1814,000
5843,643	1766,000
5851,643	1734,000
5859,643	1723,000
5867,643	1700,000
5875,643	1816,000
5883,643	1751,000
5891,644	1744,000
5899,644	1626,000
5907,644	1643,000
5915,644	1604,000
5923,644	1641,000
5931,644	1685,000
5939,645	1649,000
5947,645	1534,000
5955,645	1625,000
5963,645	1630,000
5971,645	1559,000
5979,645	1624,000
5987,646	1631,000
5995,646	1634,000
6003,646	1611,000
6011,646	1570,000
6019,646	1577,000
6027,646	1538,000
6035,647	1488,000
6043,647	1647,000
6051,647	1557,000
6059,647	1629,000
6067,647	1558,000
6075,647	1601,000
6083,648	1551,000
6091,648	1603,000
6099,648	1504,000
6107,648	1587,000
6115,648	1516,000
6123,648	1522,000
6131,649	1526,000
6139,649	1552,000
6147,649	1464,000
6155,649	1483,000
6163,649	1593,000
6171,649	1562,000
6179,650	1477,000
6187,650	1519,000
6195,650	1520,000
6203,650	1523,000
6211,650	1447,000
6219,650	1462,000
6227,651	1518,000
6235,651	1475,000
6243,651	1514,000
6251,651	1443,000
6259,651	1432,000
6267,651	1561,000
6275,652	1398,000
6283,652	1461,000
6291,652	1474,000
6299,652	1543,000
6307,652	1493,000
6315,652	1377,000
6323,653	1492,000
6331,653	1389,000
6339,653	1445,000
6347,653	1459,000
6355,653	1355,000
6363,653	1420,000
6371,654	1446,000
6379,654	1385,000
6387,654	1351,000
6395,654	1328,000
6403,654	1264,000
6411,654	1275,000
6419,655	1384,000
6427,655	1371,000
6435,655	1316,000
6443,655	1383,000
6451,655	1308,000
6459,655	1281,000
6467,656	1284,000
6475,656	1281,000
6483,656	1262,000
6491,656	1340,000
6499,656	1220,000
6507,656	1266,000
6515,657	1290,000
6523,657	1254,000
6531,657	1275,000
6539,657	1272,000
6547,657	1254,000
6555,657	1281,000
6563,658	1301,000
6571,658	1256,000
6579,658	1197,000
6587,658	1299,000
6595,658	1261,000
6603,658	1238,000
6611,659	1204,000
6619,659	1317,000
6627,659	1204,000
6635,659	1223,000
6643,659	1268,000
6651,659	1214,000
6659,660	1211,000
6667,660	1200,000
6675,660	1278,000
6683,660	1217,000
6691,660	1270,000
6699,660	1194,000
6707,661	1142,000
6715,661	1214,000
6723,661	1153,000
6731,661	1201,000
6739,661	1137,000
6747,661	1212,000
6755,662	1202,000
6763,662	1148,000
6771,662	1164,000
6779,662	1138,000
6787,662	1152,000
6795,662	1147,000
6803,663	1122,000
6811,663	1143,000
6819,663	1110,000
6827,663	1122,000
6835,663	1163,000
6843,663	1069,000
6851,664	1124,000
6859,664	1122,000
6867,664	1114,000
6875,664	1062,000
6883,664	1091,000
6891,664	1052,000
6899,665	1094,000
6907,665	1042,000
6915,665	1113,000
6923,665	1032,000
6931,665	1058,000
6939,665	1006,000
6947,666	1066,000
6955,666	1041,000
6963,666	1016,000
6971,666	1019,000
6979,666	1029,000
6987,666	997,000
6995,667	980,000
7003,667	1005,000
7011,667	1039,000
7019,667	1017,000
7027,667	1015,000
7035,667	964,000
7043,668	1025,000
7051,668	997,000
7059,668	981,000
7067,668	992,000
7075,668	1029,000
7083,668	980,000
7091,669	1002,000
7099,669	1003,000
7107,669	981,000
7115,669	997,000
7123,669	973,000
7131,669	927,000
7139,670	970,000
7147,670	926,000
7155,670	996,000
7163,670	974,000
7171,670	957,000
7179,670	885,000
7187,671	917,000
7195,671	999,000
7203,671	965,000
7211,671	967,000
7219,671	956,000
7227,671	964,000
7235,672	863,000
7243,672	944,000
7251,672	895,000
7259,672	901,000
7267,672	948,000
7275,672	886,000
7283,673	877,000
7291,673	883,000
7299,673	891,000
7307,673	907,000
7315,673	840,000
7323,673	912,000
7331,674	812,000
7339,674	892,000
7347,674	822,000
7355,674	877,000
7363,674	854,000
7371,674	790,000
7379,675	802,000
7387,675	805,000
7395,675	844,000
7403,675	833,000
7411,675	792,000
7419,675	820,000
7427,676	787,000
7435,676	830,000
7443,676	827,000
7451,676	835,000
7459,676	805,000
7467,676	810,000
7475,677	801,000
7483,677	764,000
7491,677	770,000
7499,677	788,000
7507,677	828,000
7515,677	732,000
7523,678	832,000
7531,678	808,000
7539,678	829,000
7547,678	779,000
7555,678	780,000
7563,678	717,000
7571,679	774,000
7579,679	753,000
7587,679	770,000
7595,679	764,000
7603,679	765,000
7611,679	774,000
7619,680	759,000
7627,680	716,000
7635,680	720,000
7643,680	781,000
7651,680	710,000
7659,680	715,000
7667,681	707,000
7675,681	752,000
7683,681	744,000
7691,681	763,000
7699,681	773,000
7707,681	734,000
7715,682	702,000
7723,682	721,000
7731,682	699,000
7739,682	735,000
7747,682	738,000
7755,682	696,000
7763,683	702,000
7771,683	725,000
7779,683	657,000
7787,683	717,000
7795,683	708,000
7803,683	690,000
7811,684	701,000
7819,684	683,000
7827,684	681,000
7835,684	659,000
7843,684	635,000
7851,684	641,000
7859,685	690,000
7867,685	676,000
7875,685	618,000
7883,685	636,000
7891,685	619,000
7899,685	614,000
7907,686	597,000
7915,686	639,000
7923,686	617,000
7931,686	624,000
7939,686	585,000
7947,686	605,000
7955,687	623,000
7963,687	614,000
7971,687	579,000
7979,687	605,000
7987,687	601,000
7995,687	599,000
8003,688	579,000
8011,688	566,000
8019,688	639,000
8027,688	640,000
8035,688	587,000
8043,688	561,000
8051,689	556,000
8059,689	552,000
8067,689	598,000
8075,689	561,000
8083,689	568,000
8091,689	579,000
8099,690	564,000
8107,690	576,000
8115,690	532,000
8123,690	487,000
8131,690	574,000
8139,690	560,000
8147,691	541,000
8155,691	567,000
8163,691	586,000
8171,691	530,000
8179,691	576,000
8187,691	589,000
8195,692	532,000
8203,692	557,000
8211,692	496,000
8219,692	519,000
8227,692	517,000
8235,692	506,000
8243,693	524,000
8251,693	487,000
8259,693	466,000
8267,693	476,000
8275,693	540,000
8283,693	499,000
8291,694	524,000
8299,694	551,000
8307,694	507,000
8315,694	492,000
8323,694	498,000
8331,694	484,000
8339,695	508,000
8347,695	522,000
8355,695	489,000
8363,695	453,000
8371,695	493,000
8379,695	475,000
8387,696	508,000
8395,696	484,000
8403,696	496,000
8411,696	480,000
8419,696	476,000
8427,696	486,000
8435,697	456,000
8443,697	492,000
8451,697	433,000
8459,697	501,000
8467,697	452,000
8475,697	450,000
8483,698	446,000
8491,698	449,000
8499,698	470,000
8507,698	439,000
8515,698	481,000
8523,698	424,000
8531,699	428,000
8539,699	455,000
8547,699	450,000
8555,699	456,000
8563,699	431,000
8571,699	406,000
8579,700	428,000
8587,700	379,000
8595,700	428,000
8603,700	435,000
8611,700	413,000
8619,700	426,000
8627,701	442,000
8635,701	399,000
8643,701	416,000
8651,701	420,000
8659,701	420,000
8667,701	424,000
8675,702	393,000
8683,702	390,000
8691,702	378,000
8699,702	421,000
8707,702	395,000
8715,702	380,000
8723,703	405,000
8731,703	401,000
8739,703	413,000
8747,703	424,000
8755,703	374,000
8763,703	387,000
8771,704	357,000
8779,704	412,000
8787,704	382,000
8795,704	365,000
8803,704	381,000
8811,704	372,000
8819,705	362,000
8827,705	356,000
8835,705	395,000
8843,705	362,000
8851,705	363,000
8859,705	383,000
8867,706	322,000
8875,706	349,000
8883,706	360,000
8891,706	371,000
8899,706	357,000
8907,706	342,000
8915,707	354,000
8923,707	351,000
8931,707	333,000
8939,707	346,000
8947,707	348,000
8955,707	344,000
8963,708	316,000
8971,708	343,000
8979,708	322,000
8987,708	327,000
8995,708	316,000
9003,708	335,000
9011,709	336,000
9019,709	367,000
9027,709	325,000
9035,709	329,000
9043,709	352,000
9051,709	314,000
9059,710	305,000
9067,710	311,000
9075,710	298,000
9083,710	297,000
9091,710	314,000
9099,710	349,000
9107,711	330,000
9115,711	305,000
9123,711	261,000
9131,711	315,000
9139,711	292,000
9147,711	300,000
9155,712	319,000
9163,712	282,000
9171,712	285,000
9179,712	296,000
9187,712	265,000
9195,712	281,000
9203,713	292,000
9211,713	260,000
9219,713	272,000
9227,713	276,000
9235,713	273,000
9243,713	263,000
9251,714	298,000
9259,714	268,000
9267,714	294,000
9275,714	264,000
9283,714	294,000
9291,714	289,000
9299,715	253,000
9307,715	260,000
9315,715	265,000
9323,715	266,000
9331,715	255,000
9339,715	260,000
9347,716	272,000
9355,716	224,000
9363,716	289,000
9371,716	252,000
9379,716	263,000
9387,716	240,000
9395,717	276,000
9403,717	245,000
9411,717	269,000
9419,717	223,000
9427,717	230,000
9435,717	236,000
9443,718	243,000
9451,718	242,000
9459,718	259,000
9467,718	217,000
9475,718	273,000
9483,718	218,000
9491,719	224,000
9499,719	254,000
9507,719	262,000
9515,719	254,000
9523,719	242,000
9531,719	194,000
9539,720	236,000
9547,720	241,000
9555,720	238,000
9563,720	218,000
9571,720	216,000
9579,720	257,000
9587,721	219,000
9595,721	207,000
9603,721	207,000
9611,721	225,000
9619,721	217,000
9627,721	229,000
9635,722	197,000
9643,722	224,000
9651,722	223,000
9659,722	248,000
9667,722	232,000
9675,722	199,000
9683,723	230,000
9691,723	177,000
9699,723	241,000
9707,723	208,000
9715,723	192,000
9723,723	234,000
9731,724	213,000
9739,724	203,000
9747,724	219,000
9755,724	200,000
9763,724	220,000
9771,724	222,000
9779,725	189,000
9787,725	175,000
9795,725	183,000
9803,725	188,000
9811,725	217,000
9819,725	199,000
9827,726	201,000
9835,726	194,000
9843,726	177,000
9851,726	204,000
9859,726	202,000
9867,726	176,000
9875,727	215,000
9883,727	186,000
9891,727	209,000
9899,727	185,000
9907,727	196,000
9915,727	192,000
9923,728	189,000
9931,728	185,000
9939,728	181,000
9947,728	162,000
9955,728	194,000
9963,728	191,000
9971,729	175,000
9979,729	163,000
9987,729	164,000
9995,729	162,000
10003,729	185,000
10011,729	144,000
10019,730	155,000
10027,730	138,000
10035,730	163,000
10043,730	166,000
10051,730	153,000
10059,730	147,000
10067,731	163,000
10075,731	154,000
10083,731	159,000
10091,731	155,000
10099,731	182,000
10107,731	153,000
10115,732	169,000
10123,732	154,000
10131,732	172,000
10139,732	170,000
10147,732	141,000
10155,732	149,000
10163,733	164,000
10171,733	144,000
10179,733	145,000
10187,733	165,000
10195,733	141,000
10203,733	139,000
10211,734	159,000
10219,734	127,000
10227,734	154,000
10235,734	140,000
10243,734	151,000
10251,734	146,000
10259,735	150,000
10267,735	133,000
10275,735	142,000
10283,735	162,000
10291,735	130,000
10299,735	144,000
10307,736	128,000
10315,736	139,000
10323,736	142,000
10331,736	129,000
10339,736	126,000
10347,736	129,000
10355,737	128,000
10363,737	116,000
10371,737	110,000
10379,737	128,000
10387,737	138,000
10395,737	132,000
10403,738	135,000
10411,738	130,000
10419,738	126,000
10427,738	151,000
10435,738	129,000
10443,738	107,000
10451,739	130,000
10459,739	130,000
10467,739	126,000
10475,739	125,000
10483,739	104,000
10491,739	122,000
10499,740	131,000
10507,740	111,000
10515,740	122,000
10523,740	118,000
10531,740	133,000
10539,740	127,000
10547,741	121,000
10555,741	116,000
10563,741	106,000
10571,741	127,000
10579,741	114,000
10587,741	119,000
10595,742	106,000
10603,742	132,000
10611,742	114,000
10619,742	103,000
10627,742	117,000
10635,742	109,000
10643,743	107,000
10651,743	105,000
10659,743	95,000
10667,743	113,000
10675,743	90,000
10683,743	110,000
10691,744	105,000
10699,744	105,000
10707,744	100,000
10715,744	106,000
10723,744	105,000
10731,744	117,000
10739,745	101,000
10747,745	118,000
10755,745	92,000
10763,745	101,000
10771,745	109,000
10779,745	106,000
10787,746	114,000
10795,746	106,000
10803,746	105,000
10811,746	94,000
10819,746	88,000
10827,746	83,000
10835,747	87,000
10843,747	89,000
10851,747	89,000
10859,747	78,000
10867,747	94,000
10875,747	96,000
10883,748	84,000
10891,748	79,000
10899,748	88,000
10907,748	87,000
10915,748	88,000
10923,748	100,000
10931,749	90,000
10939,749	98,000
10947,749	105,000
10955,749	90,000
10963,749	88,000
10971,749	102,000
10979,750	91,000
10987,750	79,000
10995,750	72,000
11003,750	77,000
11011,750	83,000
11019,750	77,000
11027,751	80,000
11035,751	89,000
11043,751	81,000
11051,751	73,000
11059,751	92,000
11067,751	80,000
11075,752	81,000
11083,752	81,000
11091,752	78,000
11099,752	81,000
11107,752	90,000
11115,752	65,000
11123,753	67,000
11131,753	82,000
11139,753	84,000
11147,753	72,000
11155,753	72,000
11163,753	67,000
11171,754	64,000
11179,754	78,000
11187,754	80,000
11195,754	93,000
11203,754	82,000
11211,754	56,000
11219,755	82,000
11227,755	81,000
11235,755	74,000
11243,755	72,000
11251,755	81,000
11259,755	62,000
11267,756	73,000
11275,756	65,000
11283,756	68,000
11291,756	78,000
11299,756	66,000
11307,756	45,000
11315,757	73,000
11323,757	74,000
11331,757	63,000
11339,757	53,000
11347,757	71,000
11355,757	76,000
11363,758	64,000
11371,758	65,000
11379,758	58,000
11387,758	72,000
11395,758	58,000
11403,758	55,000
11411,759	65,000
11419,759	63,000
11427,759	60,000
11435,759	86,000
11443,759	67,000
11451,759	63,000
11459,760	62,000
11467,760	72,000
11475,760	58,000
11483,760	51,000
11491,760	71,000
11499,760	61,000
11507,761	72,000
11515,761	51,000
11523,761	62,000
11531,761	75,000
11539,761	57,000
11547,761	42,000
11555,762	52,000
11563,762	52,000
11571,762	62,000
11579,762	57,000
11587,762	62,000
11595,762	66,000
11603,763	46,000
11611,763	52,000
11619,763	62,000
11627,763	63,000
11635,763	55,000
11643,763	51,000
11651,764	62,000
11659,764	62,000
11667,764	39,000
11675,764	46,000
11683,764	45,000
11691,764	65,000
11699,765	49,000
11707,765	37,000
11715,765	64,000
11723,765	65,000
11731,765	43,000
11739,765	45,000
11747,766	47,000
11755,766	35,000
11763,766	48,000
11771,766	56,000
11779,766	60,000
11787,766	45,000
11795,767	55,000
11803,767	51,000
11811,767	48,000
11819,767	43,000
11827,767	43,000
11835,767	39,000
11843,768	62,000
11851,768	48,000
11859,768	48,000
11867,768	37,000
11875,768	36,000
11883,768	41,000
11891,769	50,000
11899,769	45,000
11907,769	44,000
11915,769	50,000
11923,769	39,000
11931,769	44,000
11939,770	36,000
11947,770	44,000
11955,770	28,000
11963,770	44,000
11971,770	51,000
11979,770	38,000
11987,771	36,000
11995,771	34,000
12003,771	47,000
12011,771	40,000
12019,771	44,000
12027,771	37,000
12035,772	40,000
12043,772	30,000
12051,772	42,000
12059,772	45,000
12067,772	40,000
12075,772	41,000
12083,773	34,000
12091,773	38,000
12099,773	46,000
12107,773	38,000
12115,773	39,000
12123,773	35,000
12131,774	32,000
12139,774	36,000
12147,774	37,000
12155,774	32,000
12163,774	44,000
12171,774	47,000
12179,775	31,000
12187,775	40,000
12195,775	35,000
12203,775	30,000
12211,775	35,000
12219,775	34,000
12227,776	33,000
12235,776	23,000
12243,776	38,000
12251,776	22,000
12259,776	31,000
12267,776	29,000
12275,777	30,000
12283,777	39,000
12291,777	34,000
12299,777	32,000
12307,777	33,000
12315,777	36,000
12323,778	27,000
12331,778	39,000
12339,778	35,000
12347,778	24,000
12355,778	32,000
12363,778	30,000
12371,779	41,000
12379,779	34,000
12387,779	27,000
12395,779	31,000
12403,779	23,000
12411,779	30,000
12419,780	25,000
12427,780	31,000
12435,780	26,000
12443,780	22,000
12451,780	32,000
12459,780	29,000
12467,781	23,000
12475,781	21,000
12483,781	31,000
12491,781	31,000
12499,781	27,000
12507,781	31,000
12515,782	38,000
12523,782	26,000
12531,782	23,000
12539,782	27,000
12547,782	29,000
12555,782	26,000
12563,783	22,000
12571,783	24,000
12579,783	24,000
12587,783	26,000
12595,783	28,000
12603,783	24,000
12611,784	28,000
12619,784	24,000
12627,784	32,000
12635,784	27,000
12643,784	23,000
12651,784	21,000
12659,785	27,000
12667,785	23,000
12675,785	29,000
12683,785	28,000
12691,785	31,000
12699,785	23,000
12707,786	21,000
12715,786	16,000
12723,786	18,000
12731,786	21,000
12739,786	26,000
12747,786	23,000
12755,787	14,000
12763,787	20,000
12771,787	26,000
12779,787	16,000
12787,787	24,000
12795,787	19,000
12803,788	18,000
12811,788	15,000
12819,788	26,000
12827,788	17,000
12835,788	22,000
12843,788	21,000
12851,789	26,000
12859,789	27,000
12867,789	27,000
12875,789	20,000
12883,789	20,000
12891,789	14,000
12899,790	25,000
12907,790	16,000
12915,790	17,000
12923,790	13,000
12931,790	31,000
12939,790	18,000
12947,791	21,000
12955,791	16,000
12963,791	21,000
12971,791	12,000
12979,791	20,000
12987,791	13,000
12995,792	14,000
13003,792	24,000
13011,792	22,000
13019,792	22,000
13027,792	17,000
13035,792	20,000
13043,793	27,000
13051,793	23,000
13059,793	23,000
13067,793	11,000
13075,793	8,000
13083,793	20,000
13091,794	28,000
13099,794	15,000
13107,794	20,000
13115,794	13,000
13123,794	22,000
13131,794	15,000
13139,795	14,000
13147,795	10,000
13155,795	14,000
13163,795	19,000
13171,795	17,000
13179,795	17,000
13187,796	13,000
13195,796	22,000
13203,796	13,000
13211,796	15,000
13219,796	15,000
13227,796	19,000
13235,797	20,000
13243,797	16,000
13251,797	7,000
13259,797	21,000
13267,797	19,000
13275,797	20,000
13283,798	8,000
13291,798	20,000
13299,798	8,000
13307,798	12,000
13315,798	11,000
13323,798	11,000
13331,799	22,000
13339,799	18,000
13347,799	16,000
13355,799	17,000
13363,799	12,000
13371,799	14,000
13379,800	13,000
13387,800	11,000
13395,800	15,000
13403,800	11,000
13411,800	17,000
13419,800	13,000
13427,801	11,000
13435,801	19,000
13443,801	9,000
13451,801	14,000
13459,801	12,000
13467,801	8,000
13475,802	17,000
13483,802	14,000
13491,802	14,000
13499,802	17,000
13507,802	14,000
13515,802	12,000
13523,803	10,000
13531,803	14,000
13539,803	16,000
13547,803	15,000
13555,803	9,000
13563,803	10,000
13571,804	10,000
13579,804	12,000
13587,804	12,000
13595,804	8,000
13603,804	18,000
13611,804	16,000
13619,805	14,000
13627,805	8,000
13635,805	12,000
13643,805	5,000
13651,805	13,000
13659,805	13,000
13667,806	13,000
13675,806	15,000
13683,806	5,000
13691,806	10,000
13699,806	9,000
13707,806	7,000
13715,807	20,000
13723,807	6,000
13731,807	5,000
13739,807	11,000
13747,807	6,000
13755,807	4,000
13763,808	15,000
13771,808	5,000
13779,808	6,000
13787,808	9,000
13795,808	8,000
13803,808	10,000
13811,809	6,000
13819,809	7,000
13827,809	9,000
13835,809	8,000
13843,809	10,000
13851,809	13,000
13859,810	5,000
13867,810	10,000
13875,810	11,000
13883,810	7,000
13891,810	6,000
13899,810	8,000
13907,811	8,000
13915,811	7,000
13923,811	7,000
13931,811	12,000
13939,811	10,000
13947,811	5,000
13955,812	14,000
13963,812	5,000
13971,812	6,000
13979,812	7,000
13987,812	10,000
13995,812	7,000
14003,813	6,000
14011,813	9,000
14019,813	6,000
14027,813	10,000
14035,813	8,000
14043,813	4,000
14051,814	14,000
14059,814	6,000
14067,814	6,000
14075,814	14,000
14083,814	7,000
14091,814	12,000
14099,815	6,000
14107,815	11,000
14115,815	11,000
14123,815	7,000
14131,815	8,000
14139,815	6,000
14147,816	12,000
14155,816	7,000
14163,816	7,000
14171,816	5,000
14179,816	5,000
14187,816	8,000
14195,817	6,000
14203,817	3,000
14211,817	4,000
14219,817	4,000
14227,817	8,000
14235,817	9,000
14243,818	8,000
14251,818	8,000
14259,818	6,000
14267,818	7,000
14275,818	8,000
14283,818	5,000
14291,819	8,000
14299,819	5,000
14307,819	5,000
14315,819	8,000
14323,819	4,000
14331,819	6,000
14339,820	9,000
14347,820	6,000
14355,820	5,000
14363,820	4,000
14371,820	3,000
14379,820	5,000
14387,821	6,000
14395,821	6,000
14403,821	7,000
14411,821	4,000
14419,821	5,000
14427,821	11,000
14435,822	5,000
14443,822	6,000
14451,822	5,000
14459,822	6,000
14467,822	4,000
14475,822	3,000
14483,823	3,000
14491,823	9,000
14499,823	3,000
14507,823	3,000
14515,823	9,000
14523,823	4,000
14531,824	5,000
14539,824	8,000
14547,824	5,000
14555,824	6,000
14563,824	1,000
14571,824	4,000
14579,825	4,000
14587,825	8,000
14595,825	4,000
14603,825	5,000
14611,825	2,000
14619,825	4,000
14627,826	4,000
14635,826	3,000
14643,826	11,000
14651,826	6,000
14659,826	8,000
14667,826	4,000
14675,827	4,000
14683,827	7,000
14691,827	7,000
14699,827	7,000
14707,827	3,000
14715,827	0,000
14723,828	4,000
14731,828	7,000
14739,828	4,000
14747,828	8,000
14755,828	1,000
14763,828	5,000
14771,829	3,000
14779,829	5,000
14787,829	1,000
14795,829	1,000
14803,829	1,000
14811,829	4,000
14819,830	4,000
14827,830	0,000
14835,830	6,000
14843,830	9,000
14851,830	5,000
14859,830	2,000
14867,831	1,000
14875,831	1,000
14883,831	2,000
14891,831	5,000
14899,831	5,000
14907,831	2,000
14915,832	2,000
14923,832	3,000
14931,832	3,000
14939,832	5,000
14947,832	4,000
14955,832	1,000
14963,833	1,000
14971,833	2,000
14979,833	4,000
14987,833	5,000
14995,833	4,000
15003,833	6,000
15011,834	1,000
15019,834	2,000
15027,834	6,000
15035,834	2,000
15043,834	1,000
15051,834	6,000
15059,835	0,000
15067,835	3,000
15075,835	1,000
15083,835	1,000
15091,835	0,000
15099,835	7,000
15107,836	4,000
15115,836	4,000
15123,836	2,000
15131,836	1,000
15139,836	6,000
15147,836	4,000
15155,837	3,000
15163,837	2,000
15171,837	2,000
15179,837	1,000
15187,837	3,000
15195,837	6,000
15203,838	2,000
15211,838	2,000
15219,838	1,000
15227,838	4,000
15235,838	2,000
15243,838	6,000
15251,839	1,000
15259,839	4,000
15267,839	4,000
15275,839	5,000
15283,839	3,000
15291,839	1,000
15299,840	3,000
15307,840	2,000
15315,840	3,000
15323,840	4,000
15331,840	8,000
15339,840	3,000
15347,841	0,000
15355,841	1,000
15363,841	5,000
15371,841	5,000
15379,841	1,000
15387,841	5,000
15395,842	1,000
15403,842	3,000
15411,842	6,000
15419,842	1,000
15427,842	3,000
15435,842	1,000
15443,843	1,000
15451,843	4,000
15459,843	2,000
15467,843	4,000
15475,843	5,000
15483,843	2,000
15491,844	1,000
15499,844	2,000
15507,844	2,000
15515,844	1,000
15523,844	2,000
15531,844	2,000
15539,845	3,000
15547,845	2,000
15555,845	1,000
15563,845	4,000
15571,845	1,000
15579,845	1,000
15587,846	2,000
15595,846	3,000
15603,846	2,000
15611,846	2,000
15619,846	6,000
15627,846	2,000
15635,847	0,000
15643,847	0,000
15651,847	0,000
15659,847	3,000
15667,847	4,000
15675,847	2,000
15683,848	0,000
15691,848	2,000
15699,848	0,000
15707,848	1,000
15715,848	2,000
15723,848	3,000
15731,849	3,000
15739,849	5,000
15747,849	4,000
15755,849	3,000
15763,849	2,000
15771,849	4,000
15779,850	3,000
15787,850	2,000
15795,850	0,000
15803,850	1,000
15811,850	4,000
15819,850	2,000
15827,851	2,000
15835,851	0,000
15843,851	0,000
15851,851	1,000
15859,851	2,000
15867,851	1,000
15875,852	0,000
15883,852	0,000
15891,852	1,000
15899,852	1,000
15907,852	1,000
15915,852	3,000
15923,853	4,000
15931,853	1,000
15939,853	0,000
15947,853	0,000
15955,853	2,000
15963,853	0,000
15971,854	2,000
15979,854	0,000
15987,854	1,000
15995,854	0,000
16003,854	3,000
16011,854	1,000
16019,855	0,000
16027,855	1,000
16035,855	0,000
16043,855	1,000
16051,855	1,000
16059,855	1,000
16067,856	1,000
16075,856	1,000
16083,856	1,000
16091,856	3,000
16099,856	0,000
16107,856	1,000
16115,857	4,000
16123,857	2,000
16131,857	3,000
16139,857	3,000
16147,857	1,000
16155,857	1,000
16163,858	2,000
16171,858	1,000
16179,858	1,000
16187,858	1,000
16195,858	1,000
16203,858	2,000
16211,859	0,000
16219,859	0,000
16227,859	2,000
16235,859	0,000
16243,859	1,000
16251,859	3,000
16259,860	0,000
16267,860	3,000
16275,860	4,000
16283,860	1,000
16291,860	2,000
16299,860	0,000
16307,861	1,000
16315,861	0,000
16323,861	0,000
16331,861	1,000
16339,861	0,000
16347,861	2,000
16355,862	0,000
16363,862	0,000
16371,862	1,000
16379,862	0,000
16387,862	2,000
16395,862	2,000
16403,863	3,000
16411,863	2,000
16419,863	0,000
16427,863	2,000
16435,863	1,000
16443,863	3,000
16451,864	1,000
16459,864	1,000
16467,864	1,000
16475,864	2,000
16483,864	0,000
16491,864	0,000
16499,865	1,000
16507,865	1,000
16515,865	3,000
16523,865	0,000
16531,865	0,000
16539,865	1,000
16547,866	1,000
16555,866	2,000
16563,866	2,000
16571,866	1,000
16579,866	3,000
16587,866	0,000
16595,867	1,000
16603,867	0,000
16611,867	0,000
16619,867	0,000
16627,867	0,000
16635,867	0,000
16643,868	1,000
16651,868	1,000
16659,868	1,000
16667,868	0,000
16675,868	1,000
16683,868	2,000
16691,869	0,000
16699,869	1,000
16707,869	1,000
16715,869	0,000
16723,869	1,000
16731,869	3,000
16739,870	0,000
16747,870	2,000
16755,870	0,000
16763,870	1,000
16771,870	1,000
16779,870	1,000
16787,871	1,000
16795,871	0,000
16803,871	0,000
16811,871	1,000
16819,871	4,000
16827,871	0,000
16835,872	1,000
16843,872	0,000
16851,872	0,000
16859,872	0,000
16867,872	2,000
16875,872	1,000
16883,873	1,000
16891,873	1,000
16899,873	0,000
16907,873	0,000
16915,873	0,000
16923,873	0,000
16931,874	2,000
16939,874	0,000
16947,874	0,000
16955,874	1,000
16963,874	2,000
16971,874	2,000
16979,875	1,000
16987,875	0,000
16995,875	0,000
17003,875	2,000
17011,875	1,000
17019,875	1,000
17027,876	3,000
17035,876	1,000
17043,876	0,000
17051,876	0,000
17059,876	0,000
17067,876	0,000
17075,877	0,000
17083,877	0,000
17091,877	1,000
17099,877	0,000
17107,877	2,000
17115,877	0,000
17123,878	0,000
17131,878	0,000
17139,878	1,000
17147,878	0,000
17155,878	1,000
17163,878	0,000
17171,879	1,000
17179,879	2,000
17187,879	0,000
17195,879	0,000
17203,879	0,000
17211,879	1,000
17219,880	0,000
17227,880	0,000
17235,880	1,000
17243,880	0,000
17251,880	1,000
17259,880	1,000
17267,881	0,000
17275,881	0,000
17283,881	0,000
17291,881	0,000
17299,881	0,000
17307,881	0,000
17315,882	0,000
17323,882	1,000
17331,882	0,000
17339,882	1,000
17347,882	2,000
17355,882	1,000
17363,883	0,000
17371,883	0,000
17379,883	0,000
17387,883	0,000
17395,883	1,000
17403,883	1,000
17411,884	0,000
17419,884	0,000
17427,884	0,000
17435,884	0,000
17443,884	0,000
17451,884	0,000
17459,885	0,000
17467,885	1,000
17475,885	0,000
17483,885	0,000
17491,885	2,000
17499,885	1,000
17507,886	0,000
17515,886	0,000
17523,886	1,000
17531,886	1,000
17539,886	0,000
17547,886	0,000
17555,887	0,000
17563,887	0,000
17571,887	0,000
17579,887	0,000
17587,887	1,000
17595,887	1,000
17603,888	0,000
17611,888	0,000
17619,888	1,000
17627,888	0,000
17635,888	1,000
17643,888	0,000
17651,889	1,000
17659,889	0,000
17667,889	0,000
17675,889	0,000
17683,889	0,000
17691,889	0,000
17699,890	0,000
17707,890	0,000
17715,890	0,000
17723,890	1,000
17731,890	0,000
17739,890	0,000
17747,891	0,000
17755,891	0,000
17763,891	0,000
17771,891	0,000
17779,891	0,000
17787,891	0,000
17795,892	0,000
17803,892	0,000
17811,892	0,000
17819,892	1,000
17827,892	0,000
17835,892	1,000
17843,893	0,000
17851,893	0,000
17859,893	1,000
17867,893	1,000
17875,893	0,000
17883,893	0,000
17891,894	0,000
17899,894	0,000
17907,894	1,000
17915,894	1,000
17923,894	1,000
17931,894	0,000
17939,895	0,000
17947,895	0,000
17955,895	0,000
17963,895	0,000
17971,895	1,000
17979,895	0,000
17987,896	0,000
17995,896	0,000
18003,896	0,000
18011,896	0,000
18019,896	0,000
18027,896	0,000
18035,897	0,000
18043,897	1,000
18051,897	0,000
18059,897	0,000
18067,897	0,000
18075,897	1,000
18083,898	0,000
18091,898	0,000
18099,898	0,000
18107,898	0,000
18115,898	1,000
18123,898	0,000
18131,899	0,000
18139,899	0,000
18147,899	0,000
18155,899	1,000
18163,899	0,000
18171,899	0,000
18179,900	0,000
18187,900	0,000
18195,900	0,000
18203,900	0,000
18211,900	1,000
18219,900	0,000
18227,901	0,000
18235,901	0,000
18243,901	0,000
18251,901	0,000
18259,901	0,000
18267,901	0,000
18275,902	0,000
18283,902	1,000
18291,902	0,000
18299,902	0,000
18307,902	0,000
18315,902	0,000
18323,903	0,000
18331,903	0,000
18339,903	1,000
18347,903	0,000
18355,903	0,000
18363,903	1,000
18371,904	1,000
18379,904	2,000
18387,904	1,000
18395,904	0,000
18403,904	0,000
18411,904	0,000
18419,905	0,000
18427,905	1,000
18435,905	1,000
18443,905	2,000
18451,905	1,000
18459,905	0,000
18467,906	0,000
18475,906	1,000
18483,906	0,000
18491,906	0,000
18499,906	0,000
18507,906	1,000
18515,907	0,000
18523,907	0,000
18531,907	0,000
18539,907	0,000
18547,907	0,000
18555,907	1,000
18563,908	0,000
18571,908	0,000
18579,908	0,000
18587,908	0,000
18595,908	0,000
18603,908	0,000
18611,909	0,000
18619,909	0,000
18627,909	0,000
18635,909	0,000
18643,909	0,000
18651,909	0,000
18659,910	0,000
18667,910	0,000
18675,910	0,000
18683,910	0,000
18691,910	0,000
18699,910	0,000
18707,911	0,000
18715,911	0,000
18723,911	0,000
18731,911	0,000
18739,911	0,000
18747,911	0,000
18755,912	0,000
18763,912	0,000
18771,912	0,000
18779,912	0,000
18787,912	0,000
18795,912	0,000
18803,913	0,000
18811,913	0,000
18819,913	0,000
18827,913	0,000
18835,913	0,000
18843,913	0,000
18851,914	0,000
18859,914	1,000
18867,914	1,000
18875,914	0,000
18883,914	0,000
18891,914	0,000
18899,915	0,000
18907,915	0,000
18915,915	0,000
18923,915	0,000
18931,915	0,000
18939,915	0,000
18947,916	0,000
18955,916	0,000
18963,916	0,000
18971,916	0,000
18979,916	0,000
18987,916	0,000
18995,917	0,000
19003,917	0,000
19011,917	0,000
19019,917	0,000
19027,917	0,000
19035,917	0,000
19043,918	0,000
19051,918	0,000
19059,918	1,000
19067,918	0,000
19075,918	0,000
19083,918	0,000
19091,919	0,000
19099,919	0,000
19107,919	0,000
19115,919	0,000
19123,919	0,000
19131,919	0,000
19139,920	1,000
19147,920	0,000
19155,920	0,000
19163,920	0,000
19171,920	1,000
19179,920	0,000
19187,921	1,000
19195,921	0,000
19203,921	0,000
19211,921	0,000
19219,921	0,000
19227,921	0,000
19235,922	0,000
19243,922	0,000
19251,922	0,000
19259,922	0,000
19267,922	0,000
19275,922	0,000
19283,923	0,000
19291,923	0,000
19299,923	0,000
19307,923	0,000
19315,923	0,000
19323,923	0,000
19331,924	1,000
19339,924	0,000
19347,924	0,000
19355,924	0,000
19363,924	0,000
19371,924	0,000
19379,925	0,000
19387,925	0,000
19395,925	0,000
19403,925	0,000
19411,925	0,000
19419,925	0,000
19427,926	0,000
19435,926	0,000
19443,926	0,000
19451,926	0,000
19459,926	0,000
19467,926	0,000
19475,927	0,000
19483,927	0,000
19491,927	0,000
19499,927	0,000
19507,927	0,000
19515,927	0,000
19523,928	0,000
19531,928	0,000
19539,928	0,000
19547,928	0,000
19555,928	0,000
19563,928	0,000
19571,929	0,000
19579,929	0,000
19587,929	0,000
19595,929	0,000
19603,929	0,000
19611,929	0,000
19619,930	0,000
19627,930	0,000
19635,930	0,000
19643,930	0,000
19651,930	0,000
19659,930	0,000
19667,931	0,000
19675,931	0,000
19683,931	0,000
19691,931	0,000
19699,931	0,000
19707,931	0,000
19715,932	0,000
19723,932	0,000
19731,932	0,000
19739,932	0,000
19747,932	0,000
19755,932	0,000
19763,933	0,000
19771,933	0,000
19779,933	0,000
19787,933	0,000
19795,933	0,000
19803,933	0,000
19811,934	0,000
19819,934	0,000
19827,934	0,000
19835,934	0,000
19843,934	0,000
19851,934	0,000
19859,935	0,000
19867,935	0,000
19875,935	0,000
19883,935	0,000
19891,935	0,000
19899,935	0,000
19907,936	0,000
19915,936	0,000
19923,936	0,000
19931,936	0,000
19939,936	0,000
19947,936	0,000
19955,937	0,000
19963,937	0,000
19971,937	1,000
19979,937	0,000
19987,937	0,000
19995,937	0,000
20003,938	0,000
20011,938	0,000
20019,938	0,000
20027,938	0,000
20035,938	0,000
20043,938	0,000
20051,939	0,000
20059,939	0,000
20067,939	0,000
20075,939	0,000
20083,939	0,000
20091,939	1,000
20099,940	0,000
20107,940	0,000
20115,940	0,000
20123,940	0,000
20131,940	0,000
20139,940	0,000
20147,941	0,000
20155,941	0,000
20163,941	0,000
20171,941	0,000
20179,941	0,000
20187,941	0,000
20195,942	0,000
20203,942	0,000
20211,942	0,000
20219,942	0,000
20227,942	0,000
20235,942	0,000
20243,943	0,000
20251,943	0,000
20259,943	0,000
20267,943	0,000
20275,943	0,000
20283,943	0,000
20291,944	0,000
20299,944	0,000
20307,944	1,000
20315,944	0,000
20323,944	0,000
20331,944	0,000
20339,945	0,000
20347,945	0,000
20355,945	0,000
20363,945	0,000
20371,945	0,000
20379,945	0,000
20387,946	0,000
20395,946	0,000
20403,946	0,000
20411,946	0,000
20419,946	0,000
20427,946	0,000
20435,947	0,000
20443,947	0,000
20451,947	0,000
20459,947	0,000
20467,947	0,000
20475,947	0,000
20483,948	0,000
20491,948	0,000
20499,948	0,000
20507,948	0,000
20515,948	0,000
20523,948	0,000
20531,949	0,000
20539,949	0,000
20547,949	0,000
20555,949	0,000
20563,949	0,000
20571,949	0,000
20579,950	0,000
20587,950	0,000
20595,950	0,000
20603,950	0,000
20611,950	0,000
20619,950	0,000
20627,951	0,000
20635,951	0,000
20643,951	0,000
20651,951	0,000
20659,951	0,000
20667,951	0,000
20675,952	0,000
20683,952	0,000
20691,952	0,000
20699,952	0,000
20707,952	0,000
20715,952	0,000
20723,953	0,000
20731,953	0,000
20739,953	0,000
20747,953	0,000
20755,953	0,000
20763,953	0,000
20771,954	0,000
20779,954	0,000
20787,954	0,000
20795,954	0,000
20803,954	0,000
20811,954	0,000
20819,955	0,000
20827,955	0,000
20835,955	0,000
20843,955	0,000
20851,955	0,000
20859,955	0,000
20867,956	0,000
20875,956	0,000
20883,956	0,000
20891,956	0,000
20899,956	0,000
20907,956	0,000
20915,957	0,000
20923,957	0,000
20931,957	0,000
20939,957	0,000
20947,957	0,000
20955,957	0,000
20963,958	0,000
20971,958	0,000
20979,958	0,000
20987,958	0,000
20995,958	0,000
21003,958	0,000
21011,959	0,000
21019,959	0,000
21027,959	0,000
21035,959	0,000
21043,959	0,000
21051,959	0,000
21059,960	0,000
21067,960	0,000
21075,960	0,000
21083,960	0,000
21091,960	0,000
21099,960	0,000
21107,961	0,000
21115,961	0,000
21123,961	0,000
21131,961	0,000
21139,961	0,000
21147,961	0,000
21155,962	0,000
21163,962	0,000
21171,962	0,000
21179,962	0,000
21187,962	0,000
21195,962	0,000
21203,963	0,000
21211,963	0,000
21219,963	0,000
21227,963	0,000
21235,963	0,000
21243,963	0,000
21251,964	0,000
21259,964	0,000
21267,964	0,000
21275,964	0,000
21283,964	0,000
21291,964	0,000
21299,965	0,000
21307,965	0,000
21315,965	0,000
21323,965	0,000
21331,965	0,000
21339,965	0,000
21347,966	0,000
21355,966	0,000
21363,966	0,000
21371,966	0,000
21379,966	0,000
21387,966	0,000
21395,967	0,000
21403,967	0,000
21411,967	0,000
21419,967	0,000
21427,967	0,000
21435,967	0,000
21443,968	0,000
21451,968	0,000
21459,968	0,000
21467,968	0,000
21475,968	0,000
21483,968	0,000
21491,969	0,000
21499,969	0,000
21507,969	0,000
21515,969	0,000
21523,969	0,000
21531,969	0,000
21539,970	0,000
21547,970	0,000
21555,970	0,000
21563,970	0,000
21571,970	0,000
21579,970	0,000
21587,971	0,000
21595,971	0,000
21603,971	0,000
21611,971	0,000
21619,971	0,000
21627,971	0,000
21635,972	0,000
21643,972	0,000
21651,972	0,000
21659,972	0,000
21667,972	0,000
21675,972	0,000
21683,973	0,000
21691,973	0,000
21699,973	0,000
21707,973	0,000
21715,973	0,000
21723,973	0,000
21731,974	0,000
21739,974	0,000
21747,974	0,000
21755,974	0,000
21763,974	0,000
21771,974	0,000
21779,975	0,000
21787,975	0,000
21795,975	0,000
21803,975	0,000
21811,975	0,000
21819,975	0,000
21827,976	0,000
21835,976	0,000
21843,976	0,000
21851,976	0,000
21859,976	0,000
21867,976	0,000
21875,977	0,000
21883,977	0,000
21891,977	1,000
21899,977	0,000
21907,977	0,000
21915,977	0,000
21923,978	0,000
21931,978	0,000
21939,978	0,000
21947,978	0,000
21955,978	0,000
21963,978	0,000
21971,979	0,000
21979,979	0,000
21987,979	0,000
21995,979	0,000
22003,979	0,000
22011,979	0,000
22019,980	0,000
22027,980	0,000
22035,980	0,000
22043,980	0,000
22051,980	0,000
22059,980	0,000
22067,981	0,000
22075,981	0,000
22083,981	0,000
22091,981	0,000
22099,981	0,000
22107,981	0,000
22115,982	0,000
22123,982	0,000
22131,982	0,000
22139,982	0,000
22147,982	0,000
22155,982	0,000
22163,983	0,000
22171,983	0,000
22179,983	0,000
22187,983	0,000
22195,983	0,000
22203,983	0,000
22211,984	0,000
22219,984	0,000
22227,984	0,000
22235,984	0,000
22243,984	0,000
22251,984	0,000
22259,985	0,000
22267,985	0,000
22275,985	0,000
22283,985	0,000
22291,985	0,000
22299,985	0,000
22307,986	0,000
22315,986	0,000
22323,986	0,000
22331,986	0,000
22339,986	0,000
22347,986	0,000
22355,987	0,000
22363,987	0,000
22371,987	0,000
22379,987	0,000
22387,987	0,000
22395,987	0,000
22403,988	0,000
22411,988	0,000
22419,988	0,000
22427,988	0,000
22435,988	0,000
22443,988	0,000
22451,989	0,000
22459,989	0,000
22467,989	0,000
22475,989	0,000
22483,989	0,000
22491,989	0,000
22499,990	0,000
22507,990	0,000
22515,990	0,000
22523,990	0,000
22531,990	0,000
22539,990	0,000
22547,991	0,000
22555,991	0,000
22563,991	0,000
22571,991	0,000
22579,991	0,000
22587,991	0,000
22595,992	0,000
22603,992	0,000
22611,992	0,000
22619,992	0,000
22627,992	0,000
22635,992	0,000
22643,993	0,000
22651,993	0,000
22659,993	0,000
22667,993	0,000
22675,993	0,000
22683,993	0,000
22691,994	0,000
22699,994	0,000
22707,994	0,000
22715,994	0,000
22723,994	0,000
22731,994	0,000
22739,995	0,000
22747,995	0,000
22755,995	0,000
22763,995	0,000
22771,995	0,000
22779,995	0,000
22787,996	0,000
22795,996	0,000
22803,996	0,000
22811,996	0,000
22819,996	0,000
22827,996	0,000
22835,997	0,000
22843,997	0,000
22851,997	0,000
22859,997	0,000
22867,997	0,000
22875,997	0,000
22883,998	0,000
22891,998	0,000
22899,998	0,000
22907,998	0,000
22915,998	0,000
22923,998	0,000
22931,999	0,000
22939,999	0,000
22947,999	0,000
22955,999	0,000
22963,999	0,000
22971,999	0,000
22980,000	0,000
22988,000	0,000
22996,000	0,000
